version https://git-lfs.github.com/spec/v1
oid sha256:4fd526f057280ce91700a2479b4bae250152abb2cdab93bad6ef5205a78d7b0d
size 129585300
